%Joint limits for icubGazeboSim
jl1 =[-0.3840;-0.6807;-1.0297;-1.6581;0;-0.6458;0.0960;-0.8727;-1.6581;0;-0.6458;0.0960;-0.8727;-0.6236;-0.3400;-1.4963;-2.2817;-0.4491;-0.5189;-0.6236;-0.3400;-1.4963;-2.2817;-0.4491;-0.4840];
jl2 =[1.4661;0.6807;1.0297;0.0873;2.8065;1.7453;1.8500;0.8727;0.0873;2.8065;1.7453;1.8500;0.8727;1.6708;1.6708;1.4614;0.4618;0.8679;0.5189;1.6708;1.6708;1.4614;0.3618;0.8679;0.4840];
